This file contains the coordinates for the map designed in the robot domain task. It is merely a backup and is not used. 

globals [obs-x obs-y occ-grid]
patches-own [occupied]

to setup 
  setup-patches
end

to setup-patches
  ask patches [set occupied false]
  let map-x [49 49 49 49 49 49 49 49 48 48 48 48 48 48 48 48 47 47 47 47 47 47 47 47 47 47 47 47 47 47 47 47 46 46 46 46 46 46 46 46 46 46 46 46 46 46 46 46 46 46 45 45 45 45 45 45 45 45 45 45 45 45 45 45 45 45 45 45 45 45 45 45 45 45 45 44 44 44 44 44 44 44 44 44 44 44 44 44 44 44 44 44 44 44 44 44 44 44 44 44 44 43 43 43 43 43 43 43 43 43 43 43 43 43 43 43 43 43 43 42 42 42 42 42 42 42 41 41 41 41 41 41 41 40 40 40 40 40 40 40 40 40 40 40 40 40 39 39 39 39 39 39 39 39 38 38 38 38 38 38 38 38 38 38 38 38 38 37 37 37 37 37 37 37 37 37 37 37 37 37 37 37 37 37 36 36 36 36 36 36 36 36 36 36 36 36 36 36 36 36 36 36 36 36 36 36 36 36 35 35 35 35 35 35 35 35 35 35 35 35 35 35 35 35 35 35 34 34 34 34 34 34 34 34 34 34 34 34 34 34 34 34 33 33 33 33 33 33 33 33 33 33 33 33 33 33 33 33 33 33 33 33 33 33 32 32 32 32 32 32 32 32 32 32 32 32 32 32 32 32 32 32 32 32 32 32 31 31 31 31 31 31 31 31 31 31 31 31 31 31 31 31 31 31 31 31 31 31 31 31 31 31 31 31 30 30 30 30 30 30 30 30 30 30 30 30 30 30 30 30 30 30 30 30 30 30 30 29 29 29 29 29 29 29 29 29 29 29 29 29 29 29 29 29 29 29 29 29 29 29 29 29 28 28 28 28 28 28 28 28 28 28 28 28 28 28 28 28 28 28 28 28 28 28 28 28 28 28 28 27 27 27 27 27 27 27 27 27 27 27 27 27 27 27 27 27 27 27 27 27 27 27 27 26 26 26 26 26 26 26 26 26 26 26 26 26 26 26 26 26 26 26 26 26 26 26 25 25 25 25 25 25 25 25 25 25 25 25 25 25 25 25 25 25 24 24 24 23 23 23 22 22 22 21 21 21 21 21 21 21 21 21 21 21 21 21 21 21 20 20 20 20 20 20 20 20 20 20 20 20 20 20 20 20 20 20 20 20 20 20 20 20 19 19 19 19 19 19 19 19 19 19 19 19 18 18 18 18 18 18 18 18 18 17 17 17 17 17 17 16 16 16 16 16 16 15 15 15 15 15 15 14 14 14 14 14 14 14 13 13 13 13 13 13 13 12 12 12 12 12 12 12 11 11 11 11 11 11 11 10 10 10 10 10 10 10 10 10 10 10 10 10 10 10 10 10 10 10 10 10 10 10 9 9 9 9 9 9 9 9 9 9 9 9 9 9 9 9 9 9 9 9 9 9 9 8 8 8 8 8 8 8 8 8 8 8 8 8 8 8 8 8 8 8 8 7 7 7 7 7 7 7 7 7 6 6 6 6 6 6 6 6 6 6 6 5 5 5 5 5 5 5 5 5 5 5 5 5 4 4 4 4 4 4 4 4 3 3 3 3 2 2 2 2 1 1 1 1 0 0 0 0 0 0 0 0 0 0 0 0 -1 -1 -1 -1 -1 -1 -1 -1 -1 -1 -1 -1 -2 -2 -2 -2 -2 -2 -2 -2 -2 -2 -2 -2 -3 -3 -3 -3 -3 -3 -3 -3 -3 -3 -3 -3 -4 -4 -4 -4 -4 -4 -4 -4 -4 -4 -4 -4 -5 -5 -5 -5 -5 -5 -5 -5 -5 -5 -5 -5 -5 -5 -5 -5 -5 -5 -5 -5 -5 -6 -6 -6 -6 -6 -6 -6 -6 -6 -6 -6 -6 -6 -6 -6 -7 -7 -7 -7 -7 -7 -7 -7 -7 -7 -7 -7 -7 -7 -7 -8 -8 -8 -9 -9 -9 -10 -10 -10 -11 -11 -11 -12 -12 -12 -12 -12 -12 -13 -13 -13 -13 -13 -14 -14 -14 -14 -14 -14 -15 -15 -15 -15 -15 -15 -15 -15 -15 -15 -15 -15 -16 -16 -16 -16 -16 -16 -16 -16 -16 -16 -16 -16 -17 -17 -17 -17 -17 -17 -17 -17 -17 -17 -17 -17 -17 -17 -17 -17 -18 -18 -18 -18 -18 -18 -18 -18 -18 -18 -18 -18 -18 -18 -18 -18 -18 -18 -18 -18 -18 -19 -19 -19 -19 -19 -19 -19 -19 -19 -19 -19 -19 -19 -19 -19 -19 -19 -19 -19 -19 -19 -19 -19 -19 -19 -19 -19 -19 -19 -19 -20 -20 -20 -20 -20 -20 -20 -20 -20 -20 -20 -20 -20 -20 -20 -20 -20 -20 -20 -20 -20 -20 -20 -20 -20 -20 -20 -20 -20 -20 -21 -21 -21 -21 -21 -21 -21 -21 -21 -21 -21 -21 -21 -21 -21 -21 -21 -21 -21 -21 -21 -21 -21 -21 -21 -21 -21 -21 -21 -21 -22 -22 -22 -22 -22 -22 -22 -22 -22 -22 -22 -22 -22 -22 -22 -22 -22 -22 -22 -22 -22 -22 -22 -23 -23 -23 -23 -23 -23 -23 -23 -23 -23 -23 -23 -23 -23 -23 -23 -23 -23 -24 -24 -24 -24 -24 -24 -24 -24 -24 -24 -24 -24 -24 -24 -24 -24 -24 -24 -25 -25 -25 -25 -25 -25 -25 -25 -25 -25 -25 -25 -25 -25 -25 -25 -25 -25 -26 -26 -26 -26 -26 -26 -26 -26 -26 -26 -26 -26 -26 -26 -26 -26 -26 -26 -27 -27 -27 -27 -27 -27 -27 -27 -27 -27 -27 -27 -27 -27 -27 -27 -27 -28 -28 -29 -29 -29 -29 -29 -29 -29 -30 -30 -30 -30 -30 -30 -30 -30 -31 -31 -31 -31 -31 -31 -31 -31 -31 -31 -31 -31 -31 -31 -31 -31 -31 -31 -32 -32 -32 -32 -32 -32 -32 -32 -32 -32 -32 -32 -32 -32 -32 -32 -32 -32 -33 -33 -33 -33 -33 -33 -33 -33 -33 -33 -33 -33 -33 -34 -34 -34 -34 -34 -34 -34 -34 -34 -34 -34 -34 -34 -34 -35 -35 -35 -35 -35 -35 -35 -35 -35 -35 -35 -35 -35 -35 -35 -35 -35 -35 -35 -35 -35 -35 -35 -36 -36 -36 -36 -36 -36 -36 -36 -36 -36 -36 -36 -36 -36 -36 -36 -36 -36 -36 -36 -36 -36 -36 -37 -37 -37 -37 -37 -37 -37 -37 -37 -37 -37 -37 -37 -37 -37 -37 -37 -37 -38 -38 -38 -38 -38 -38 -38 -38 -38 -38 -38 -38 -38 -38 -38 -38 -38 -39 -39 -39 -39 -39 -39 -39 -39 -39 -39 -39 -39 -39 -39 -39 -39 -39 -39 -39 -39 -39 -39 -39 -39 -39 -40 -40 -40 -40 -40 -40 -40 -40 -40 -40 -40 -40 -40 -40 -40 -40 -40 -40 -40 -40 -40 -40 -40 -40 -40 -40 -41 -41 -41 -41 -41 -41 -41 -41 -41 -41 -41 -41 -41 -41 -41 -41 -41 -41 -41 -41 -41 -41 -41 -41 -41 -41 -42 -42 -42 -42 -42 -42 -42 -42 -42 -42 -42 -42 -42 -42 -42 -42 -42 -42 -42 -42 -42 -42 -42 -42 -42 -42 -42 -42 -42 -42 -42 -42 -42 -42 -42 -43 -43 -43 -43 -43 -43 -43 -43 -43 -43 -43 -43 -43 -43 -43 -43 -43 -43 -43 -43 -43 -43 -43 -43 -43 -43 -43 -43 -43 -43 -44 -44 -44 -44 -44 -44 -44 -44 -44 -44 -44 -44 -44 -44 -44 -44 -44 -44 -44 -44 -44 -44 -45 -45 -45 -45 -45 -45 -45 -45 -45 -45 -45 -45 -45 -45 -45 -45 -45 -45 -45 -46 -46 -46 -46 -46 -46 -46 -46 -46 -46 -46 -46 -46 -46 -46 -46 -46 -46 -46 -47 -47 -47 -47 -47 -47 -47 -47 -47 -47 -47 -47 -47 -47 -47 -47 -47 -47 -47 -47 -47 -47 -47 -47 -47 -47 -47 -48 -48 -48 -48 -48 -48 -48 -48 -48 -48 -48 -48 -48 -48 -48 -48 -48 -48 -49 -50]
  let map-y [26 25 24 23 5 4 3 2 26 25 24 23 5 4 3 2 34 33 32 31 30 29 28 27 26 25 24 23 5 4 3 2 34 33 32 31 30 29 28 27 26 5 4 3 2 -27 -28 -29 -30 -31 44 43 42 41 40 34 33 32 31 30 29 28 27 26 5 4 3 2 -27 -28 -29 -30 -31 -47 -48 44 43 42 41 40 34 33 32 31 30 29 28 27 26 5 4 3 2 1 -27 -28 -29 -30 -31 -47 -48 44 43 42 41 40 34 33 32 31 30 29 28 27 26 2 1 -47 -48 44 43 42 41 40 -47 -48 44 43 42 41 40 -47 -48 44 43 42 41 40 2 1 0 -1 -2 -3 -47 -48 2 1 0 -1 -2 -3 -47 -48 2 1 0 -1 -2 -3 -26 -27 -28 -29 -30 -47 -48 13 12 11 10 2 1 0 -1 -2 -3 -26 -27 -28 -29 -30 -47 -48 13 12 11 10 9 8 7 6 5 4 3 2 1 0 -1 -2 -3 -26 -27 -28 -29 -30 -47 -48 13 12 11 10 9 8 7 6 5 4 3 -26 -27 -28 -29 -30 -47 -48 13 12 11 10 9 8 7 6 5 4 3 -26 -27 -28 -29 -30 47 46 45 9 8 7 6 5 4 3 -26 -27 -28 -29 -30 -34 -35 -36 -37 -38 -39 -40 47 46 45 9 8 7 6 5 4 3 -26 -27 -28 -29 -30 -34 -35 -36 -37 -38 -39 -40 47 46 45 9 8 7 6 5 4 3 -15 -16 -17 -18 -19 -20 -26 -27 -28 -29 -30 -34 -35 -36 -37 -38 -39 -40 47 46 45 9 8 7 6 5 4 3 -15 -16 -17 -18 -19 -20 -34 -35 -36 -37 -38 -39 -40 47 46 45 9 8 7 6 5 4 3 2 1 -15 -16 -17 -18 -19 -20 -34 -35 -36 -37 -38 -39 -40 9 8 7 6 5 4 3 2 1 -15 -16 -17 -18 -19 -20 -33 -34 -35 -36 -37 -38 -39 -40 -43 -44 -45 -46 28 27 26 25 24 9 8 7 6 5 4 3 2 1 -15 -16 -17 -18 -19 -20 -43 -44 -45 -46 48 47 46 28 27 26 25 24 5 4 3 2 1 -15 -16 -17 -18 -19 -20 -43 -44 -45 -46 48 47 46 28 27 26 25 24 -15 -16 -17 -18 -19 -20 -43 -44 -45 -46 48 47 46 48 47 46 48 47 46 -21 -22 -23 -24 -35 -36 -37 -38 -39 -40 -41 -42 -43 -44 -45 49 48 47 46 37 36 35 34 33 32 31 30 29 -35 -36 -37 -38 -39 -40 -41 -42 -43 -44 -45 37 36 35 34 33 32 31 30 29 -43 -44 -45 30 29 28 27 26 25 -43 -44 -45 30 29 28 27 26 25 30 29 28 27 26 25 30 29 28 27 26 25 -8 -9 -10 -11 -12 -13 -14 -8 -9 -10 -11 -12 -13 -14 -8 -9 -10 -11 -12 -13 -14 -8 -9 -10 -11 -12 -13 -14 45 44 43 42 41 36 35 34 -8 -9 -10 -11 -12 -13 -14 -27 -28 -29 -30 -37 -38 -39 -40 45 44 43 42 41 36 35 34 -8 -9 -10 -11 -12 -13 -14 -27 -28 -29 -30 -37 -38 -39 -40 45 44 43 42 41 -8 -9 -10 -11 -12 -13 -14 -27 -28 -29 -30 -37 -38 -39 -40 45 44 43 42 41 -27 -28 -29 -30 45 44 43 42 41 4 3 -27 -28 -29 -30 45 44 43 42 41 30 29 4 3 -27 -28 -29 -30 30 29 4 3 -27 -28 -29 -30 30 29 4 3 30 29 4 3 30 29 4 3 30 29 -31 -32 -33 -34 -35 -36 -37 -38 -39 -40 30 29 -31 -32 -33 -34 -35 -36 -37 -38 -39 -40 30 29 -31 -32 -33 -34 -35 -36 -37 -38 -39 -40 30 29 -31 -32 -33 -34 -35 -36 -37 -38 -39 -40 30 29 -31 -32 -33 -34 -35 -36 -37 -38 -39 -40 32 31 30 29 28 27 26 25 24 23 -23 -31 -32 -33 -34 -35 -36 -37 -38 -39 -40 49 48 30 29 -23 -31 -32 -33 -34 -35 -36 -37 -38 -39 -40 49 48 30 29 -23 -31 -32 -33 -34 -35 -36 -37 -38 -39 -40 49 48 -23 49 48 -23 49 48 -23 49 48 -23 49 48 -13 -14 -15 -23 49 48 -13 -14 -15 14 13 12 -13 -14 -15 45 44 43 42 41 40 39 38 14 13 12 11 45 44 43 42 41 40 39 38 14 13 12 11 45 44 43 42 41 40 39 38 14 13 12 11 -14 -15 -16 -17 45 44 43 42 41 40 39 38 14 13 12 11 -14 -15 -16 -17 -25 -26 -27 -28 -29 45 44 43 42 41 40 39 38 13 12 11 -4 -5 -6 -7 -8 -9 -10 -11 -14 -15 -16 -17 -18 -19 -25 -26 -27 -28 -29 45 44 43 42 41 40 39 38 13 12 11 -4 -5 -6 -7 -8 -9 -10 -11 -14 -15 -16 -17 -18 -19 -25 -26 -27 -28 -29 45 44 43 42 41 40 39 38 13 12 11 -4 -5 -6 -7 -8 -9 -10 -11 -14 -15 -16 -17 -18 -19 -25 -26 -27 -28 -29 45 44 43 42 41 40 39 38 13 12 11 -4 -5 -6 -7 -8 -9 -10 -11 -14 -15 -16 -17 13 12 11 -4 -5 -6 -7 -8 -9 -10 -11 -14 -15 -16 -17 -46 -47 -48 13 12 11 -4 -5 -6 -7 -8 -9 -10 -11 -14 -15 -16 -17 -46 -47 -48 13 12 11 -4 -5 -6 -7 -8 -9 -10 -11 -14 -15 -16 -17 -46 -47 -48 13 12 11 -4 -5 -6 -7 -8 -9 -10 -11 -14 -15 -16 -17 -46 -47 -48 -4 -5 -6 -7 -8 -9 -10 -11 -14 -15 -16 -17 -37 -38 -46 -47 -48 -37 -38 -30 -31 -32 -33 -34 -37 -38 42 -30 -31 -32 -33 -34 -37 -38 47 46 45 44 43 42 16 15 14 -30 -31 -32 -33 -34 -37 -38 -45 -46 47 46 45 44 43 42 16 15 14 -30 -31 -32 -33 -34 -37 -38 -45 -46 47 46 45 44 43 42 16 15 14 -37 -38 -45 -46 47 46 45 44 43 42 31 16 15 14 -37 -38 -45 -46 47 46 45 44 43 42 31 30 29 28 27 26 25 24 23 22 16 15 14 -37 -38 -45 -46 47 46 45 44 43 42 31 30 29 28 27 26 25 24 23 22 16 15 14 -37 -38 -45 -46 42 31 30 29 28 27 26 25 24 23 22 16 15 14 -37 -38 -45 -46 31 30 29 28 27 26 25 24 23 22 16 15 14 -37 -38 -45 -46 30 29 28 27 26 25 24 23 22 16 15 14 -3 -4 -5 -6 -7 -8 -9 -10 -11 -13 -14 -45 -46 49 30 29 28 27 26 25 24 23 22 16 15 14 -3 -4 -5 -6 -7 -8 -9 -10 -11 -13 -14 -45 -46 49 30 29 28 27 26 25 24 23 22 16 15 14 -3 -4 -5 -6 -7 -8 -9 -10 -11 -13 -14 -45 -46 49 30 29 28 27 26 25 24 23 22 16 15 14 8 7 6 5 4 3 -3 -4 -5 -6 -7 -8 -9 -10 -11 -13 -14 -21 -22 -23 -45 -46 49 30 29 28 27 26 25 24 23 22 8 7 6 5 4 3 -3 -4 -5 -6 -7 -8 -9 -10 -11 -21 -22 -23 -45 -46 49 24 23 22 8 7 6 5 4 3 -3 -4 -5 -6 -7 -8 -9 -10 -11 -21 -22 -23 49 8 7 6 5 4 3 -3 -4 -5 -6 -7 -8 -9 -10 -11 -21 -22 -23 49 8 7 6 5 4 3 -3 -4 -5 -6 -7 -8 -9 -10 -11 -21 -22 -23 49 8 7 6 5 4 3 -3 -4 -5 -6 -7 -8 -9 -10 -11 -30 -31 -32 -33 -34 -35 -36 -37 -38 -39 -40 49 7 6 5 4 -3 -4 -30 -31 -32 -33 -34 -35 -36 -37 -38 -39 -40 49 49]
	foreach map-x map-y [
    [a b] ->
    ask patch (4 * a) (4 * b) [set occupied true]
    ask patch (4 * a) (4 * b + 1) [set occupied true]
    ask patch (4 * a) (4 * b + 2) [set occupied true]
    ask patch (4 * a) (4 * b + 3) [set occupied true]
    ask patch (4 * a + 1) (4 * b) [set occupied true]
    ask patch (4 * a + 1) (4 * b + 1) [set occupied true]
    ask patch (4 * a + 1) (4 * b + 2) [set occupied true]
    ask patch (4 * a + 1) (4 * b + 3) [set occupied true]
    ask patch (4 * a + 2) (4 * b) [set occupied true]
    ask patch (4 * a + 2) (4 * b + 1) [set occupied true]
    ask patch (4 * a + 2) (4 * b + 2) [set occupied true]
    ask patch (4 * a + 2) (4 * b + 3) [set occupied true]
    ask patch (4 * a + 3) (4 * b) [set occupied true]
    ask patch (4 * a + 3) (4 * b + 1) [set occupied true]
    ask patch (4 * a + 3) (4 * b + 2) [set occupied true]
    ask patch (4 * a + 3) (4 * b + 3) [set occupied true]    
  ]
  ask patches 
  [if occupied = true 
    [
      set pcolor black
    ]
  ]
end